6369023564
5534252743
5881865766
5910342684
2054036181
7127850107
5990098927
1766490140
5879793716
1233495189
1565619441
530035781
977481435
7035766683
6359575286
1663789408
5972908409
814241399
6715741998
6557152015
1886868069
1831928812
5017214633
1916249414
1878461679
1062324386
888597442
5422154488
7490435167
1479386333
5264349815
6404936291
6141958740
2079698910
1094624444
6206733897
6955524450
5282639312
713197837
918000472
1675449752
1657880960
781018962
748166651
6393708852
5374338003
6651881111
895381498
5189090671
1273458698
545158263
1724096916
6937763794
6120944409
7002376327
2006523687
5055089622
642631448
1016394634
814564758
1982850477
1288015560
1665579436
1228518794
1254478434
7233268458
775528988
6805492424
6010028273
6149879233
5447329916
